137304886,3741,1627747200,54422591
401431,3741,1627747200,54508028
990764,3741,1627747200,54535127
385167350,3741,1627747200,54616945
45998493,3741,1627747200,54693946
384505434,3741,1627747200,55234195
386136731,3741,1627747200,55301907
2119688,3741,1627747200,56459169
387464491,3741,1627747200,56521212
387666458,3741,1627747200,56661535
371784716,3741,1627747200,47642875
363429326,3741,1627747200,47820300
349116933,3741,1627747200,49518277
1025191,3741,1627747200,49665456
168147022,3741,1627747200,49728256
145793080,3741,1627747200,50122821
656142,3741,1627747200,50639910
351164195,3741,1627747200,50969064
54847739,3741,1627747200,50991588
378693125,3741,1627747200,51317673
3302506,3741,1627747200,56673285
810389,3741,1627747200,56714861
372861,3741,1627747200,56847246
492856,3741,1627747200,57816510
56063254,3741,1627747200,58314328
1085299,3741,1627747200,58481744
390049508,3741,1627747200,59017285
10746267,3741,1627747200,59456050
165315406,3741,1627747200,59513297
139372541,3741,1627747200,59545350
369671,3741,1627747200,59553811
196956242,3741,1627747200,59692887
2355173,3741,1627747200,59897354
155837554,3741,1627747200,59921898
803669,3741,1627747200,59964997
58854337,3741,1627747200,52656786
55644434,3741,1627747200,52858661
16158485,3741,1627747200,52951996
135135185,3741,1627747200,53300981
140421727,3741,1627747200,53366386
4692429,3741,1627747200,53862189
11701189,3741,1627747200,53896445
132979953,3741,1627747200,53938983
383872559,3741,1627747200,53943450
149733216,3741,1627747200,53972813
384241385,3741,1627747200,54167477
59239706,3741,1627747200,54218543
2047224,3741,1627747200,54275847
384605110,3741,1627747200,54342545
59256006,3741,1627747200,60441514
388296191,3741,1627747200,60542380
231273088,3741,1627747200,61962486


